0.19975600
0.20305900
0.23712900
0.19980300
0.19923900
0.19857500
0.20124900
0.20198500
0.19979000
0.19964400
0.19971300
0.19977400
0.19914800
0.19918400
0.20412200
0.20384300
0.20386800
0.19914200
0.19916700
0.19918100
0.19922700
0.19921400
0.19944700
0.19976300
0.19977700
0.20041500
0.23861500
0.19941900
0.19948200
0.19924500
0.19926400
0.19931100
0.19991200
0.19993800
0.19989500
0.20011100
0.20011900
0.20026500
0.20078900
0.20083100
0.20074900
0.20122200
0.20100600
0.20143300
0.20165800
0.20177400
0.20179000
0.19903500
0.20052900
0.20063500
0.20072700
0.20075900
0.20104600
0.20101700
0.20110700
0.20151500
0.20147700
0.20094200
0.20110500
0.20126700
0.20121600
0.20116000
0.20133200
0.20130900
0.20078900
0.20084000
0.20088700
0.20064500
0.24043000
0.20680800
0.19897300
0.19895400
0.19886400
0.19942800
0.19931200
0.19948800
0.19966600
0.19946300
0.19961300
0.19980300
0.19992400
0.19997300
0.19997300
0.20024200
0.20015300
0.20015200
0.19978800
0.19978300
0.19999200
0.19999400
0.20005800
0.19982100
0.19966700
0.19995100
0.19986200
0.19975300
0.19995000
0.20012800
0.20105900
0.20064900
0.19940800
0.19947200
0.19908000
0.19907700
0.19914400
0.19895600
0.19881400
0.19959800
0.19945500
0.19932600
0.19943500
0.19933400
0.19939500
0.19941500
0.19933500
0.19927700
0.19931800
0.19930600
0.19948600
0.19942100
0.19942300
0.19919400
0.19943700
0.20021000
0.20026300
0.20025400
0.20025900
0.20027100
0.20012100
0.20001300
0.20001000
0.20011200
0.20743700
0.20718600
0.19910600
0.19913400
0.19921000
0.19912200
0.19932900
0.19961100
0.19981700
0.19956600
0.19965600
0.19969400
0.19954600
0.19962400
0.19958100
0.19968800
0.19989600
0.19993900
0.19995400
0.20011500
0.20004000
0.20018200
0.20012200
0.20036600
0.19981700
0.20000200
0.20025800
0.20017600
0.20038400
0.20073800
0.20067700
0.20132900
0.20158600
0.20173000
0.20202900
0.20192700
0.20199800
0.20030300
0.20001400
0.20175900
0.20157300
0.20152400
0.20124600
0.20124500
0.20106200
0.20113800
0.20075200
0.20045700
0.20042600
0.20021800
0.20019400
0.20002800
0.20026900
0.20026300
0.19992700
0.19995800
0.19972000
0.19941700
0.19927900
0.19897700
0.19892500
0.19903100
0.19897000
0.19939900
0.19949200
0.19921900
0.19880400
0.19881700
0.19892100
0.19887200
0.19884900
0.19910900
0.19927400
0.19920300
0.19920900
0.19916400
0.19947800
0.19938500
0.19952200
0.19983900
0.19983200
0.19948600
0.19944200
0.19924100
0.19949700
0.19977600
0.19984400
0.19990800
0.20011600
0.20019700
0.20011100
0.20000300
0.20012200
0.20015500
0.20071100
0.20078000
0.20098600
0.20072100
0.20072800
0.20074600
0.20091300
0.20083000
0.20097900
0.20171200
0.20142900
0.20124700
0.20148900
0.20170100
0.20022600
0.19975500
0.20978700
0.20981800
0.21035900
0.21039600
0.21038700
0.21009900
0.21009100
0.21036600
0.21076600
0.21085300
0.21110100
0.21104600
0.21094800
0.21094600
0.21104500
0.21006000
0.20940100
0.20970700
0.20871100
0.20847800
0.20836700
0.20864200
0.20865300
0.20770600
0.20783800
0.20771900
0.20709000
0.20662200
0.19940000
0.19941600
0.19955300
0.19988900
0.20008600
0.20009300
0.20053200
0.20070100
0.20052500
0.20054800
0.20046200
0.20041000
0.20039300
0.20044100
0.20026400
0.20021600
0.20024700
0.20007000
0.20006800
0.19987300
0.20005200
0.20014200
0.20019400
0.20024900
0.20057600
0.20061800
0.20055800
0.20101600
0.20101400
0.20095400
0.20116100
0.20109600
0.20070500
0.20070200
0.19893800
0.20511100
0.20509700
0.20508800
0.20457000
0.20479900
0.20483600
0.20412400
0.20426700
0.20420200
0.20404900
0.20364400
0.20370700
0.20371200
0.20367000
0.20387300
0.20338400
0.20310500
0.20290700
0.20294100
0.20293200
0.20277600
0.20269600
0.20219900
0.20126700
0.19903100
0.19907900
0.19903300
0.19902300
0.19896300
0.19897400
0.19933400
0.19939500
0.19926400
0.19928600
0.19926000
0.19963400
0.19978400
0.20000600
0.20040000
0.20062700
0.20058700
0.20043100
0.20044200
0.20097300
0.20098700
0.20100900
0.20079600
0.20072400
0.20074500
0.20054000
0.19892400
0.19883000
0.19992700
0.19992300
0.19992500
0.19959200
0.19977300
0.19979300
0.19978600
0.19981900
0.19994000
0.19984700
0.19981700
0.19979700
0.19980100
0.19968900
0.19942200
0.19919800
0.19939900
0.19928800
0.19930000
0.19959100
0.19983100
0.19968900
0.19942000
0.19927300
0.20041000
0.19931000
0.19947200
0.19944000
0.19906800
0.19906500
0.19923300
0.19899300
0.19946800
0.19940100
0.19935600
0.19945900
0.19940700
0.19919300
0.19919400
0.20005000
0.19991100
0.20024600
0.20004900
0.20002100
0.20004400
0.20001900
0.19995200
0.19930800
0.20350000
0.20262300
0.20257400
0.20273200
0.20293500
0.20285300
0.20301900
0.20291200
0.20253400
0.20254200
0.20273000
0.20242900
0.20153100
0.20154000
0.20096900
0.20098700
0.20089600
0.20099900
0.20092000
0.20103600
0.20107100
0.20096500
0.20122100
0.20132100
0.20099100
0.20075900
0.20047300
0.19944500
0.19915700
0.19906900
0.19913900
0.19927000
0.19927100
0.19910600
0.19897500
0.19920300
0.19915300
0.19943300
0.19940000
0.19920300
0.19931100
0.19942500
0.19934400
0.19942500
0.19948500
0.19985200
0.19985000
0.19986300
0.20000000
0.19983800
0.19984800
0.19994300
0.19982100
0.19896300
0.19889800
0.19908800
0.19896100
0.19895200
0.19896800
0.19897500
0.19888500
0.19901100
0.19936500
0.19950200
0.19922900
0.19924500
0.19913200
0.19932600
0.19924300
0.19931700
0.19922500
0.19924500
0.19938900
0.19946800
0.19940000
0.19939100
0.19905200
0.19879100
0.19883400
0.19904300
0.19913100
0.19903700
0.19933500
0.19937800
0.19938700
0.19938800
0.19979800
0.19981800
0.19950800
0.19913900
0.19911800
0.19911000
0.19913600
0.19912300
0.19946900
0.19944900
0.19948800
0.19951800
0.19926800
0.19926200
0.19911000
0.19910400
0.19927000
0.19941700
0.19929200
0.19923100
0.19926000
0.19939100
0.23565700
0.20010600
0.20004100
0.20015600
0.19962300
0.19981600
0.19964800
0.19962100
0.19913300
0.19919200
0.19930400
0.19935700
0.19939400
0.19937700
0.20051100
0.20046700
0.20028200
0.20041500
0.20048800
0.20067000
0.20058700
0.20043800
0.20050300
0.20052800
0.19930500
0.19889900
0.20007000
0.20002100
0.20004000
0.19974800
0.19991900
0.19967000
0.19977200
0.19974500
0.19970600
0.19989200
0.19989300
0.19985400
0.19977700
0.20039000
0.20031400
0.20049000
0.19941800
0.19917700
0.19883000
0.19898900
0.19903200
0.19923800
0.19929500
0.19921900
0.19929600
0.19885800
0.19886600
0.19927300
0.19910300
0.19903100
0.19900100
0.19914700
0.19913600
0.19902600
0.19889100
0.19914300
0.19944900
0.19947500
0.19914800
0.19917200
0.19901000
0.19884500
0.19873300
0.19878000
0.19904100
0.19904400
0.19909800
0.19925600
0.19912900
0.19912900
0.19928400
0.19919100
0.19908400
0.19889800
0.19894500
0.19909100
0.19912400
0.19919300
0.19893200
0.20419200
0.20421200
0.20438300
0.20474500
0.20512700
0.20567800
0.20579200
0.20605100
0.20589200
0.20607100
0.20607100
0.20601700
0.20616000
0.20596700
0.20631500
0.20664800
0.24319600
0.19910600
0.19927000
0.19900800
0.19889900
0.19891700
0.19885000
0.19878400
0.19877100
0.19897900
0.19900800
0.19878000
0.19904600
0.19898800
0.19882100
0.19973100
0.19924800
0.19903800
0.19909400
0.19912900
0.19958500
0.19941200
0.19928000
0.19914600
0.19945600
0.19952300
0.19953600
0.19989600
0.19968200
0.23956200
0.19892000
0.20493600
0.20494000
0.20501800
0.20514900
0.20545900
0.20539100
0.20534000
0.20554100
0.20537600
0.20519800
0.20515400
0.20522600
0.20526600
0.20514200
0.20499900
0.20475600
0.20470100
0.20455500
0.20475400
0.20473400
0.20471300
0.20378900
0.20373100
0.20357000
0.20322700
0.20293400
0.20302300
0.20324800
0.20336500
0.20302300
0.20310500
0.20318000
0.20299000
0.20302700
0.20281800
0.20308100
0.20299500
0.19907500
0.19945500
0.19934100
0.19888800
0.19919600
0.19918600
0.19921400
0.19912400
0.19926900
0.19899200
0.19914100
0.19887300
0.19899100
0.19916100
0.19894700
0.19920100
0.19936900
0.19900300
0.19943900
0.19953900
0.19947900
0.19934700
0.19954200
0.19922500
0.19956200
0.20111200
0.19992200
0.19941500
0.20062800
0.19905800
0.19921100
0.20058900
0.20060000
0.20063000
0.20043400
0.20040600
0.20019100
0.20020400
0.20003100
0.20002700
0.20001200
0.19973000
0.19897800
0.19891100
0.19906200
0.19898200
0.19896400
0.19898400
0.19918800
0.19933000
0.19931200
0.19951500
0.19940100
0.19942800
0.19939800
0.19941900
0.19937300
0.19953700
0.19967700
0.19993400
0.19998600
0.19995500
0.19943500
0.19927200
0.19927600
0.20018600
0.19969200
0.19902700
0.19910900
0.19959800
0.19932200
0.19898600
0.19921300
0.19917900
0.19934800
0.19960100
0.19974300
0.19975300
0.20075000
0.20111200
0.20116600
0.20099300
0.20082700
0.20067200
0.20105600
0.20124400
0.20105700
0.20082200
0.20298400
0.20298800
0.19930800
0.19886200
0.19949700
0.19952100
0.19940600
0.19974800
0.19943000
0.19949200
0.19932800
0.19944200
0.19952400
0.19951700
0.19951500
0.19953300
0.19951400
0.19933800
0.20034300
0.20066700
0.20092000
0.20094700
0.20103600
0.20110400
0.20110000
0.20078000
0.20058400
0.20061300
0.20042300
0.20035800
0.20054600
0.20056200
0.20017200
0.19993600
0.20006200
0.20023300
0.19998400
0.19953600
0.20039300
0.20142100
0.19911400
0.19911400
0.19912600
0.20057500
0.20035800
0.20032600
0.20026300
0.19984800
0.19967300
0.19967000
0.19966600
0.19953500
0.19954800
0.19922700
0.19923600
0.20042100
0.19931300
0.19949800
0.19881300
0.19875300
0.19900100
0.19901500
0.19892500
0.19927100
0.19965500
0.19910500
0.19980600
0.19959200
0.19937400
0.19913300
0.19902900
0.19924000
0.19946000
0.19960200
0.20001200
0.20002600
0.20019600
0.20036700
0.20035900
0.20049500
0.20044800
0.20125500
0.20155700
0.20168100
0.20079000
0.20075100
0.20035900
0.20062600
0.20072700
0.20052500
0.20076400
0.20077400
0.20059500
0.20060000
0.20031900
0.20034500
0.20143200
0.20131800
0.20133300
0.20136600
0.20100200
0.20115400
0.19904400
0.19912700
0.19907900
0.19984400
0.19873100
0.19863700
0.19898700
0.19937300
0.19938500
0.19934800
0.19891800
0.19908600
0.19907800
0.19910100
0.19955200
0.19908000
0.19891700
0.19892600
0.19890900
0.19901400
0.19913500
0.19979700
0.19982700
0.19969000
0.19891900
0.19908800
0.19951400
0.19940100
0.19949500
0.19980300
0.19987500
0.20019200
0.20018300
0.19956700
0.19951300
0.19942100
0.23575900
0.20314800
0.20723000
0.19971900
0.19914900
0.19952800
0.19943300
0.19957000
0.19963600
0.19962800
0.19979100
0.19964400
0.19926800
0.19928000
0.19901700
0.19897500
0.19950800
0.19996600
0.19953500
0.19986100
0.19992500
0.20001000
0.19961400
0.19974700
0.19931600
0.19952000
0.19967000
0.19880100
0.19905700
0.19940800
0.20233600
0.19899000
0.20004100
0.20026200
0.19884500
0.19882600
0.19903200
0.19906600
0.19926800
0.19932100
0.19953600
0.19958300
0.19960000
0.19908100
0.19955700
0.20003400
0.19966100
0.19991000
0.20047700
0.20023000
0.20002100
0.23880300
0.19972700
0.20003100
0.19989400
0.19989400
0.19997100
0.20031400
0.20041500
0.20044400
0.20063700
0.20082100
0.20074100
0.20066700
0.19972000
0.19994900
0.19922600
0.19945100
0.19903500
0.19952300
0.19942500
0.19918400
0.19894000
0.19901500
0.19929100
0.19973600
0.19938200
0.19933900
0.19952400
0.19910500
0.19902500
0.19919800
0.19930000
0.19911400
0.19922100
0.19942900
0.19913400
0.19895400
0.19868800
0.19912600
0.19911500
0.19922000
0.19939300
0.19892900
0.19895900
0.19946600
0.19950800
0.19926400
0.19909100
0.19914300
0.19894500
0.19886700
0.19876600
0.19993300
0.20000500
0.19919100
0.19904300
0.19892100
0.19892800
0.19933600
0.19923400
0.19915600
0.19984200
0.19901000
0.19999800
0.19888800
0.19908600
0.19911500
0.19883400
0.19898500
0.19903900
0.19916800
0.19902100
0.19909600
0.19991900
0.19993800
0.19989600
0.19993800
0.19973600
0.19989200
0.19986700
0.19992000
0.20001500
0.20007100
0.19955700
0.19987900
0.19899100
0.19903100
0.19876800
0.19869100
0.19941100
0.19892400
0.19922200
0.19907900
0.19912300
0.19903500
0.19906300
0.19919100
0.19953400
0.19899500
0.19933300
0.19936100
0.19939900
0.19978900
0.19923000
0.19922300
0.19938200
0.19956900
0.19972000
0.20259300
0.20416500
0.20428200
0.20438800
0.20439900
0.20511800
0.20624000
0.20620400
0.20655300
0.19925900
0.19919300
0.20020700
0.20042000
0.20042600
0.20008100
0.19981000
0.19951800
0.19924500
0.19951500
0.19904400
0.19937200
0.19932300
0.19957600
0.19975800
0.19972900
0.20017500
0.20018600
0.20012100
0.19967600
0.20126500
0.20143000
0.19924700
0.19932200
0.19935200
0.19949700
0.19983900
0.19999400
0.20114300
0.20136600
0.20142000
0.20143100
0.20134300
0.20086900
0.20187800
0.20185900
0.20172600
0.20102200
0.20067700
0.20080800
0.20056700
0.20051100
0.20083200
0.20078300
0.20002700
0.19894800
0.19886300
0.19885000
0.19943600
0.19904200
0.19879700
0.19909600
0.19991200
0.19995000
0.20019400
0.19978800
0.19945600
0.19946100
0.19958100
0.19967900
0.19948200
0.19904600
0.19894100
0.20027600
0.20012300
0.19976000
0.19974300
0.19978300
0.19898700
0.19897900
0.19889600
0.19895000
0.19901800
0.19917600
0.19914200
0.19903400
0.19922700
0.19913700
0.19890200
0.19939100
0.19923200
0.19928000
0.19987700
0.20020000
0.20024800
0.19981900
0.19984500
0.19965300
0.19939700
0.19924100
0.19925700
0.19924100
0.19887200
0.19870100
0.19899500
0.19886300
0.19934900
0.19932100
0.19926600
0.19928200
0.19913000
0.19921700
0.19917500
0.19949400
0.20071100
0.20048300
0.20057500
0.20057500
0.20059000
0.20067400
0.20042000
0.20034200
0.20027100
0.20003600
0.20004600
0.19977600
0.19986700
0.20021900
0.19994600
0.19975000
0.20005500
0.39931900
0.39936300
0.19951600
0.40166400
0.40166100
0.19930600
0.20374000
0.19893800
0.19905200
0.19949300
0.19975600
0.20015600
0.20054400
0.20075400
0.20117700
0.20167500
0.20186900
0.20183400
0.20218000
0.20231200
0.19943600
0.19951000
0.19953100
0.19955100
0.19930300
0.19904000
0.19907200
0.19924500
0.19891700
0.19888500
0.19920500
0.19983600
0.20002700
0.20004600
0.20033400
0.20049700
0.20102700
0.20074200
0.20097600
0.20114000
0.20103100
0.20113100
0.19915300
0.19916400
0.19908900
0.19904200
0.19930500
0.19978500
0.19973100
0.19971900
0.20005700
0.19992100
0.19969300
0.19872300
0.19908900
0.19906400
0.19919900
0.19912400
0.19910500
0.19906900
0.24044800
0.19892400
0.19917000
0.19913300
0.19913100
0.19945500
0.19926000
0.19922900
0.19937900
0.19895700
0.19889000
0.19933000
0.19953300
0.19952800
0.19912500
0.19926300
0.19931700
0.19913000
0.19898100
0.19917500
0.19898700
0.19901000
0.23623600
0.19901500
0.19924500
0.19959200
0.19979400
0.19957300
0.19940800
0.20011900
0.19995400
0.20010600
0.20012200
0.20022200
0.20006100
0.20002700
0.20031200
0.20005100
0.20009100
0.20016300
0.20036400
0.20054800
0.20054300
0.20062300
0.20093800
0.20119300
0.20133800
0.20132800
0.20154300
0.20147800
0.20136000
0.20133300
0.20148100
0.20141400
0.20157600
0.20151800
0.20129200
0.20126000
0.20167300
0.20148200
0.20137700
0.20138200
0.20109600
0.23981300
0.20031600
0.23764500
0.19871700
0.20223000
0.20208200
