0.20013700
0.19937700
0.23654900
0.19889700
0.20199300
0.19960500
0.19977200
0.19940800
0.19940300
0.19940200
0.19940900
0.19946800
0.19948600
0.19950300
0.19951200
0.19929800
0.19956400
0.19963300
0.19974100
0.19988900
0.20010400
0.20012500
0.20033900
0.20034100
0.20091000
0.19914000
0.19920700
0.19917300
0.19939300
0.19931300
0.19937200
0.19943900
0.19945600
0.19960900
0.19957800
0.20014700
0.20020800
0.20038800
0.20043300
0.20046200
0.23904400
0.19924200
0.19919700
0.19911100
0.19912400
0.19935300
0.19936600
0.19930800
0.19926800
0.19931000
0.19938700
0.19957000
0.20013900
0.20020000
0.20019800
0.20038400
0.20039900
0.20042900
0.20117300
0.20135600
0.20119600
0.20128200
0.20153400
0.20155800
0.24360500
0.20253600
0.20246400
0.20269200
0.20289700
0.20298300
0.20300700
0.20308500
0.20383200
0.20387900
0.20405400
0.20439700
0.20450400
0.20455100
0.20484100
0.20488800
0.20457900
0.20449000
0.20443800
0.20453600
0.20468500
0.20474700
0.20499100
0.24048400
0.19894500
0.19913600
0.19918300
0.19916900
0.19935200
0.19949500
0.19913200
0.19906100
0.19882700
0.19883900
0.19910100
0.19919600
0.19936800
0.19917300
0.19912200
0.19916100
0.19975400
0.20038500
0.20046900
0.20033200
0.20029100
0.20040700
0.19979100
0.19973300
0.19986400
0.19957200
0.19963300
0.19964200
0.19969900
0.19973800
0.19952000
0.19949700
0.19951800
0.19991100
0.19959200
0.19970200
0.20025600
0.20070700
0.20072000
0.20075000
0.19930300
0.19913600
0.19922100
0.19926600
0.19944200
0.19886400
0.19885000
0.19913800
0.19916100
0.19879900
0.19891400
0.19882500
0.19897000
0.19896900
0.19890800
0.19879800
0.19893000
0.19871600
0.19889500
0.19895400
0.19987100
0.19992200
0.19972800
0.19982900
0.19931900
0.19912700
0.19893700
0.19892200
0.19902000
0.19946600
0.19982400
0.19983900
0.19996400
0.19883300
0.19951800
0.19941300
0.19913000
0.19919000
0.19894600
0.19924800
0.19907600
0.19936700
0.19920200
0.19932700
0.19901200
0.19902100
0.19895400
0.19898700
0.19870200
0.19903200
0.19890500
0.19899700
0.19910500
0.19955600
0.19922100
0.19933100
0.19930500
0.19914100
0.20025900
0.20029900
0.19959100
0.19884500
0.19924700
0.19885000
0.19920000
0.19918700
0.19907000
0.19980200
0.19887400
0.19880600
0.19908900
0.19910000
0.19939000
0.19902100
0.19915200
0.19907600
0.19908400
0.19922600
0.19936900
0.19956700
0.20006800
0.19975900
0.19950400
0.19937100
0.19931800
0.19947900
0.19933200
0.19897600
0.19907000
0.19920200
0.19905000
0.19973900
0.19982400
0.19959700
0.19962600
0.19891400
0.19932200
0.19975400
0.19943000
0.19954300
0.19955300
0.19982600
0.19949700
0.19933400
0.19928900
0.19910800
0.19909000
0.19925000
0.19916600
0.19947400
0.19981100
0.20009500
0.19987500
0.19948300
0.20081600
0.20082700
0.20088000
0.20098700
0.20104700
0.20166500
0.20158200
0.20151100
0.20158700
0.20133200
0.20088000
0.20095900
0.20008900
0.23628000
0.19948100
0.19936100
0.19974300
0.19996300
0.19987900
0.20024400
0.20037900
0.20031500
0.20068100
0.20102100
0.20107900
0.20093100
0.20094700
0.20063300
0.20047200
0.20070900
0.20042700
0.19987300
0.20009800
0.19932200
0.19919600
0.19919000
0.19966400
0.19983500
0.19956900
0.19902900
0.19918900
0.19934000
0.19963600
0.19960300
0.19985200
0.20009300
0.19998300
0.20132900
0.20149400
0.19996500
0.20600300
0.20361800
0.20150900
0.20098700
0.20102600
0.20102500
0.20006300
0.20012500
0.19996800
0.19945900
0.19930100
0.19911500
0.19923500
0.19921900
0.19899300
0.19892900
0.19929100
0.19949900
0.19943700
0.20038800
0.20160200
0.20271500
0.20280900
0.20295300
0.20295100
0.20301900
0.20249900
0.20252800
0.20288700
0.20276900
0.20263900
0.20282200
0.20275300
0.20098000
0.20144200
0.20170900
0.19988600
0.19892100
0.19918300
0.19921900
0.20020200
0.19985200
0.19973400
0.19980500
0.19977200
0.19985100
0.19960800
0.19985500
0.19941000
0.19937900
0.19921000
0.19956700
0.19964100
0.19984000
0.20027000
0.20056600
0.20080000
0.20097300
0.20088400
0.20070500
0.20010100
0.19997400
0.19967600
0.19962400
0.19955400
0.19961500
0.19946700
0.19937800
0.19947100
0.19888000
0.19909700
0.19887600
0.20417600
0.25041400
0.19919600
0.19906200
0.19952800
0.19944600
0.19916500
0.19916500
0.19926100
0.19930900
0.19946000
0.19946400
0.19926400
0.19921700
0.19909000
0.19921200
0.19916700
0.19894600
0.19881200
0.19902900
0.19903200
0.19911900
0.19935600
0.19896800
0.19869100
0.19885600
0.19884700
0.19882600
0.19904400
0.19905500
0.19905000
0.19922100
0.19963700
0.20023200
0.20012300
0.20028000
0.20030800
0.19974200
0.19968200
0.19948800
0.19938100
0.20442900
0.20376800
0.20037900
0.19978200
0.19981800
0.20014500
0.20019600
0.20019300
0.20032700
0.20032100
0.20007500
0.19993800
0.20051600
0.20046200
0.20103800
0.20089000
0.20117000
0.20081600
0.19983900
0.20017300
0.19963200
0.20083100
0.20115200
0.20162300
0.20189100
0.20153800
0.20125300
0.20153300
0.20148200
0.20109100
0.20357300
0.19925800
0.19911200
0.20019800
0.20021000
0.20012300
0.20015400
0.19994600
0.19998200
0.19983400
0.19989700
0.19966900
0.19922200
0.19910400
0.19966300
0.19971200
0.20100000
0.20077600
0.20078900
0.20234600
0.20239000
0.20240000
0.20240900
0.20633600
0.20592800
0.20576600
0.20580600
0.20513700
0.19913700
0.19930300
0.19982800
0.20048400
0.20050900
0.20046500
0.20046600
0.20067900
0.20071400
0.20074400
0.20057300
0.20058900
0.20088800
0.19969600
0.19975900
0.19942800
0.19961300
0.19989300
0.19980500
0.19958800
0.19962300
0.19899900
0.19958500
0.19963500
0.19966400
0.20056400
0.20064400
0.20070500
0.19910600
0.20690400
0.20419400
0.20413100
0.20035200
0.20041000
0.20055000
0.20097500
0.20182500
0.20184100
0.20228400
0.20259600
0.20284600
0.20291700
0.20251000
0.20150300
0.20064000
0.20050700
0.19904300
0.19929400
0.19914200
0.19902300
0.19898400
0.19894700
0.19915000
0.19916500
0.19932400
0.19931800
0.19931700
0.19898800
0.19940700
0.19936100
0.23948300
0.19950700
0.20082800
0.20078100
0.19938500
0.19904500
0.19896900
0.19912300
0.19932200
0.19883800
0.19886300
0.19901000
0.19931100
0.19934900
0.19920800
0.19901400
0.19884000
0.19898700
0.19913000
0.19895300
0.19904600
0.19877900
0.19910100
0.19901500
0.19885900
0.19928900
0.19926600
0.19927800
0.19920700
0.19911000
0.19900000
0.20451600
0.19991600
0.20099400
0.19963900
0.19967900
0.19983500
0.20017200
0.20072500
0.20407000
0.20402200
0.20430600
0.20433500
0.20427400
0.20432100
0.20380900
0.20371800
0.20345300
0.20347600
0.20335400
0.20317700
0.20300500
0.20071600
0.20096100
0.20096900
0.20079200
0.20046200
0.20018200
0.20048800
0.20015000
0.20002800
0.19953900
0.19969100
0.19958500
0.19965000
0.19986800
0.19904900
0.19953100
0.19966200
0.19946200
0.19979700
0.19910800
0.19898600
0.19893300
0.19893200
0.19886500
0.19897200
0.19912500
0.19888200
0.19929300
0.19930100
0.19957600
0.19963500
0.19970700
0.20002200
0.19992900
0.19994600
0.19979400
0.20058700
0.19929500
0.19945100
0.19968500
0.19977600
0.19916300
0.19930600
0.19908300
0.19911200
0.19941100
0.19924800
0.19898500
0.19917300
0.19923300
0.19946700
0.20287500
0.19946300
0.19919100
0.19906900
0.19908000
0.19896000
0.19879900
0.19873000
0.19865700
0.19891200
0.19883800
0.19930900
0.19890500
0.19876400
0.19908700
0.19904400
0.19884900
0.19891500
0.19899600
0.19900900
0.19887600
0.19887900
0.19878800
0.19907200
0.19916700
0.19902900
0.19896700
0.19906000
0.19942400
0.19943600
0.19957200
0.19946100
0.19949800
0.19913800
0.19907300
0.19907300
0.19892500
0.19916100
0.19917900
0.19905600
0.19908400
0.19881100
0.19913200
0.19909800
0.19897800
0.19896500
0.19901300
0.19916200
0.19918900
0.19958600
0.19958300
0.19946400
0.19904300
0.19898200
0.19954500
0.19892100
0.19883300
0.19887200
0.19913000
0.19878200
0.19905200
0.19910100
0.19912700
0.19910400
0.19967500
0.20007200
0.20006400
0.20007100
0.19985400
0.19985500
0.19976500
0.20019100
0.20031300
0.20042400
0.20045300
0.20077000
0.20043700
0.19958900
0.19961500
0.19974500
0.19960600
0.19972300
0.20003000
0.19982700
0.23877500
0.19898300
0.19926800
0.19935800
0.19898300
0.19904200
0.19894000
0.19895000
0.19885500
0.19883600
0.19889900
0.19912300
0.19916200
0.19911300
0.19919400
0.19991000
0.19954900
0.19964200
0.19957000
0.19948200
0.19949300
0.19916900
0.19903300
0.19958700
0.19946300
0.19962900
0.19979800
0.20003800
0.20040600
0.20018100
0.19986100
0.19978400
0.19950300
0.19892500
0.20426900
0.20358600
0.24128800
0.20211300
0.20219000
0.20223200
0.20184000
0.20243500
0.20238500
0.20240800
0.20232900
0.20233200
0.20251400
0.20343800
0.20284700
0.20282300
0.20279900
0.20311400
0.20310900
0.20319600
0.20323700
0.20282400
0.20272300
0.20225600
0.20200900
0.20195800
0.20188700
0.20173800
0.20172800
0.20180400
0.19995600
0.19896500
0.19912300
0.19925500
0.19880400
0.19910300
0.19880900
0.19881200
0.19902600
0.19914400
0.19906500
0.19914200
0.19902700
0.19918000
0.19903100
0.19916800
0.19930200
0.19930700
0.19946600
0.19915200
0.19919500
0.19916300
0.19908800
0.19912600
0.19886500
0.19930400
0.19959500
0.19900600
0.19917100
0.20152600
0.20151900
0.20145300
0.20145800
0.20068100
0.20068000
0.20090900
0.20091600
0.20078500
0.20112600
0.20012000
0.20011000
0.19981300
0.20011400
0.20011000
0.20014400
0.19899900
0.20111700
0.20058500
0.19927500
0.19945600
0.19993700
0.19994000
0.19943500
0.19907400
0.19885500
0.19882000
0.19874800
0.19884500
0.19887300
0.19885300
0.19895500
0.19913400
0.19908500
0.19932700
0.19884900
0.19885900
0.19931100
0.19897800
0.19902900
0.19910500
0.19910800
0.19927700
0.19929800
0.19921400
0.19924300
0.19947600
0.19955900
0.19941700
0.19910700
0.19896100
0.19922300
0.19931200
0.19982600
0.19905100
0.19929800
0.19967400
0.19958700
0.19902500
0.19919100
0.19907000
0.19865400
0.19889500
0.19894500
0.19895100
0.19900400
0.19880300
0.19896300
0.19902000
0.19905500
0.19897200
0.19884900
0.19889800
0.19894800
0.19887200
0.19871900
0.19875200
0.19877500
0.19900000
0.19911200
0.19894600
0.19905200
0.19885200
0.19892500
0.19895300
0.19889900
0.19884400
0.19918500
0.19948200
0.19973300
0.19952600
0.19899600
0.20062000
0.19890600
0.19917400
0.19909900
0.19908500
0.19912100
0.19913000
0.19914800
0.19875000
0.19902700
0.19915900
0.19958600
0.19959200
0.19952200
0.19948300
0.19928500
0.20023700
0.20012600
0.20020100
0.19998200
0.20000000
0.20049700
0.20060400
0.19992200
0.19955200
0.19945400
0.19927300
0.19932300
0.19919200
0.19894700
0.19879900
0.19892700
0.19872500
0.19908300
0.19897200
0.19897800
0.19905800
0.19915400
0.19916300
0.19903900
0.19889600
0.19891500
0.19916000
0.19968500
0.19958000
0.19975200
0.19969100
0.19944500
0.19952600
0.19957900
0.19997500
0.20003100
0.19946200
0.19973300
0.19971300
0.19909500
0.19911600
0.19888000
0.19874900
0.19890000
0.19899900
0.19918600
0.19923700
0.19904400
0.19932400
0.19934900
0.19936500
0.19938000
0.19940400
0.19948700
0.19955700
0.19976100
0.19978800
0.19935900
0.19928000
0.19933500
0.19935500
0.19918000
0.19918300
0.19925700
0.19948700
0.19934000
0.19883000
0.19949100
0.19976900
0.19952300
0.19962400
0.19900500
0.19887500
0.20073300
0.20068000
0.20061500
0.20041700
0.20023700
0.20024700
0.20037900
0.20010500
0.19986700
0.19964100
0.19942700
0.19904800
0.19891000
0.19892700
0.19913600
0.19886300
0.19892600
0.19882000
0.19876400
0.19990800
0.20005800
0.19981900
0.19942500
0.19934000
0.19928700
0.19922600
0.19883000
0.19918600
0.19911400
0.19879700
0.19904300
0.19892100
0.19899800
0.19893000
0.19892200
0.19899500
0.19899900
0.19884200
0.19878800
0.19913800
0.19907300
0.19970600
0.23891600
0.20078000
0.20071200
0.20057600
0.20039200
0.20058300
0.20045400
0.20027500
0.19978900
0.19966700
0.19968100
0.19963800
0.19996200
0.19989400
0.19938000
0.19943100
0.19903200
0.19925700
0.19916800
0.19915400
0.19933100
0.19913200
0.19914400
0.19923800
0.19914800
0.19896800
0.19897400
0.19918400
0.19901100
0.19904000
0.19890100
0.19883700
0.19905600
0.19886800
0.23703800
0.19877700
0.20032700
0.19942200
0.19932900
0.20029400
0.20028400
0.20023700
0.19951700
0.19947200
0.19942900
0.19931100
0.19923700
0.19899000
0.19897600
0.19917200
0.19911100
0.19912200
0.19915600
0.19886900
0.19894400
0.19868200
0.19900900
0.19897700
0.19954000
0.19971300
0.19973200
0.19970300
0.19985600
0.19968000
0.20000800
0.20015900
0.19979200
0.19960200
0.19990300
0.20029700
0.20010800
0.19996100
0.20082300
0.19911900
0.19915700
0.19887200
0.19911100
0.19870300
0.19875100
0.19899200
0.19886000
0.19891500
0.19890300
0.19888000
0.19897700
0.19903800
0.19918400
0.19888100
0.19870200
0.19893700
0.19891300
0.19891800
0.19883500
0.19918500
0.19904000
0.19888200
0.19891600
0.19931400
0.19920300
0.19884400
0.19916800
0.19890900
0.19905400
0.19906200
0.19913200
0.19893700
0.19912900
0.19920100
0.19912700
0.19898900
0.19884300
0.19972400
0.20190700
0.20363100
0.20155000
0.20354200
0.20262000
0.20027200
0.19903000
0.19902500
0.19879200
0.19896800
0.19898000
0.19891400
0.19937500
0.19928200
0.19907700
0.19888500
0.19893100
0.19886000
0.19991000
0.20018100
0.20023200
0.20161400
0.20144000
0.20169500
0.20040100
0.20022400
0.19978200
0.19988200
0.20016000
0.19999000
0.20011100
0.19983400
0.20022400
0.20038300
0.19999100
0.19998900
0.19998200
0.19954500
0.20265700
0.20199500
0.20061400
0.20000200
0.19930300
0.19972700
0.19979900
0.19971400
0.19952000
0.19950600
0.19914600
0.19889200
0.19885100
0.19901200
0.19890400
0.19911500
0.19887900
0.19926300
0.19908200
0.19876200
0.19897500
0.19899100
0.19871000
0.19868700
0.19917900
0.19951800
0.19984700
0.19969400
0.20007300
0.19995400
0.19954200
0.19923300
0.19918800
0.19946900
0.20142500
0.19894400
0.19894000
0.19912600
0.19935000
0.19971100
0.19933500
0.19912300
0.19963700
0.19942300
0.19963100
0.19963200
0.19991200
0.19946000
0.19907100
0.19894200
0.19996500
0.19924900
0.19905700
0.19919600
0.19929400
0.19922400
0.19987500
0.19972900
0.19969200
0.19928500
0.19919100
0.19934500
0.19905500
0.19901700
0.19905400
0.19911300
0.19924900
0.19921100
0.19947200
0.19904700
0.19946300
0.19903000
0.20017100
0.19918200
0.19931700
0.20069700
0.19943300
0.19928700
0.19937900
0.19946300
0.19906700
0.19871300
0.19896500
0.19913300
0.19907700
0.19905500
0.19933000
0.19967500
0.19944500
0.19947200
0.19951000
0.19933000
0.19960400
0.19887100
0.19900300
0.19921000
0.19925900
0.19927200
0.19904700
0.19901000
0.19915100
0.19899700
0.19914600
0.19886400
0.19885300
0.19889700
0.19883600
0.19866900
0.23819300
0.19941400
0.19895600
0.19885500
0.19929600
0.19899300
0.19888300
0.19943700
0.19940300
0.19919200
0.19905400
0.19895800
0.19906500
0.19903300
0.19880900
0.19877800
0.19888600
0.19910600
0.19911300
0.19896000
0.19971300
0.20010300
0.20012400
0.20014500
0.20016400
0.19989500
0.19990000
0.19965000
0.19965400
0.20081200
0.20068900
0.20076200
0.20067800
0.20044000
0.20023600
0.20036500
0.20036300
0.20032600
0.20020900
0.19964900
0.19961900
0.19867200
0.19907000
0.19896700
0.19981300
0.20179700
0.19904300
0.21069300
0.19905600
0.19916900
0.19903600
0.20000100
0.19983900
0.19961700
0.19974800
0.19978400
0.19978900
0.19983300
0.19980000
0.19911500
0.19904200
0.19928900
0.19956500
0.19973300
0.19982000
0.19956300
0.19959800
0.19958700
0.19970800
0.19979700
0.19980300
0.19967400
0.19941600
0.19966600
0.19968300
0.20031900
0.20033000
0.20032900
0.23785400
0.19895900
0.20009800
0.20067700
0.19986100
0.19910800
0.19947600
0.19948700
0.19912500
0.19900200
0.19888800
0.19890600
0.19896100
0.19907800
0.19883400
0.19901600
0.19900400
0.19871700
0.19888600
0.19911100
0.19936300
0.20020100
0.20022900
0.20019700
0.20031900
0.20052100
0.20042500
0.20050200
0.20017400
0.20038700
0.19960700
0.20071200
0.19896500
0.19940300
0.19932300
0.19904400
0.19900200
0.19927700
0.20059200
0.20060100
0.20061100
0.20077400
0.20076200
0.20102100
0.20116900
0.20099700
0.20126200
0.20150900
0.20142900
0.20152500
0.20132300
0.20123400
0.20097600
0.20092700
0.20091900
0.20058500
0.20072100
0.20080700
0.20105500
0.20016500
0.20007300
0.19974500
0.19974700
0.19963800
0.19937800
0.20018000
0.20001600
0.20003500
0.19882300
0.19897000
0.19928600
0.20002300
0.19881300
0.19936600
0.20012200
0.19926000
0.19887900
0.19873100
0.19882800
0.19869700
0.19936900
0.19933200
0.19932300
0.19950000
0.19932900
0.19931000
0.19929100
0.19916300
0.19891000
0.19878500
0.19877200
0.19877200
0.19888500
0.19937700
0.19956100
0.19957300
0.19956600
0.19948400
0.19954400
0.19898400
0.19915800
0.19889800
0.19903000
0.19885100
0.19876100
0.19905200
0.19886000
0.19924200
0.19932300
0.19994200
0.19910100
0.20018900
0.19950500
0.19959900
0.19906400
0.19911600
0.20724600
0.19988900
0.19920800
0.19907800
0.19893100
0.19880300
0.19890200
0.19940600
0.19943000
0.19945800
0.19947300
0.20001900
0.20000400
0.19997800
0.19988200
0.19968200
0.20011300
0.20007200
0.19986800
0.19985200
0.19981200
0.19987800
0.19932500
0.19918300
0.19904600
0.19885600
0.19902500
0.19947400
0.19938700
0.19932800
0.19954400
0.19909300
0.19935300
0.19906800
0.19895000
0.19882000
0.19918500
0.19902700
0.19895300
0.19890600
0.19875600
0.19903200
0.19891700
0.19919000
0.19898000
0.19912700
0.19928000
0.19917400
0.19894200
0.19899600
0.19877000
0.19884600
0.19898700
0.19891600
0.19905300
0.19884700
0.19913000
0.19899700
0.19882100
0.19869200
0.19887200
0.19896400
0.19914700
0.19912200
0.19901000
0.19911200
0.19928200
0.19922000
0.19982300
0.19988400
0.19932100
0.19930900
0.19935800
0.19895400
0.19912200
0.19900000
0.19906500
0.19913300
0.19908300
0.19894900
0.20258200
0.19939600
0.19948200
0.19931400
0.19879400
0.19888500
0.19902000
0.19889000
0.19904100
0.19900100
0.19887800
0.19887000
0.19889900
0.19890900
0.19891500
0.19903800
0.19875600
0.19883200
0.19897800
0.19893200
0.19866200
0.19916100
0.19909600
0.19894400
0.19904700
0.19896200
0.19894600
0.19906100
0.19909300
0.19899700
0.19876100
0.19887700
0.19873700
0.23548300
0.19977500
0.19893200
0.19888400
0.19891900
0.19896600
0.19975300
0.19915800
0.19907300
0.19879000
0.19925500
0.19915400
0.19911100
0.19904000
0.19874300
0.19893300
0.19924000
0.19894000
0.19909400
0.19884600
0.19885400
0.19915300
0.19889300
0.19908200
0.19881400
0.19874300
0.19875800
0.19874000
0.19887500
0.19876600
0.19898500
0.19902300
0.19887300
0.19912800
0.19900900
0.19905800
0.19879000
0.19885400
0.19904900
0.19891800
0.19892500
0.19910500
0.19910300
0.19882900
0.19883900
0.19941100
0.19893300
0.19878100
0.19891700
0.19893500
0.19897600
0.19924500
0.19935600
0.19978900
0.19936600
0.19964300
0.19891600
0.19885300
0.19909300
0.19918900
0.19924500
0.19927900
0.19933300
0.19934400
0.19918300
0.19938700
0.19939200
0.19939600
0.20020700
0.20022700
0.19976000
0.19962800
0.19885100
0.19887700
0.19886000
0.19901500
0.19897400
0.19885300
0.19892400
0.19988800
0.19997200
0.20000500
0.20014500
0.19979800
0.19927400
0.19936500
0.19913900
0.19911800
0.23760800
0.19904300
0.19965300
0.19938000
0.19953700
0.19954000
0.19947800
0.19934500
0.19915900
0.19900000
0.19912900
0.19900200
0.19874200
0.19873000
0.19880700
0.19902300
0.19902800
0.19912300
0.19953300
0.19974600
0.19957200
0.19944600
0.19938600
0.19942500
0.19947800
0.19938600
0.19906500
0.19887200
0.19903000
0.19939000
0.19919600
0.19913700
0.19908900
0.19888000
0.19893200
0.19907500
0.19913200
0.19882300
0.19881300
0.19886100
0.19876500
0.19893200
0.19884500
0.19911500
0.19843900
0.23941000
0.19944400
0.20251800
END